00000000000000000000
00000001111110000000
00000001111110000000
00000001111110000000
00000001111110000000
00000001111110000000
00000001111110000000
00000001111110000000
00000001111110000000
00000001111110000000
00000001111110000000
00000001111110000000
00000001111110000000
00000001111110000000
00000001111110000000
00000001111110000000
00000001111110000000
00000001111110000000
00000001111110000000
00000001111110000000
00000001111110000000
00000001111110000000
00000001111110000000
00000001111110000000
00000001111110000000
00000001111110000000
00000001111110000000
00000007777770000000
00000007777770000000
00000000000000000000
00000001111110000000
00000010000001000000
00000010000001000000
00000010000001000000
00000010000001000000
00000010000001000000
00000010000001000000
00000010000001000000
00000010000001000000
00000010000001000000
00000010000001000000
00000010000001000000
00000010000001000000
00000010000001000000
00000010000001000000
00000010000001000000
00000010000001000000
00000010000001000000
00000010000001000000
00000011111111000000
00000010011001000000
00000010000001000000
00000010000001000000
00000010000001000000
00000010000001000000
00000010000001000000
00000010000001000000
00000070000007000000
00000070000007000000
00000007777770000000
00000001111110000000
00000010000001000000
00000010000001000000
00000010000001000000
00000010000001000000
00000010000001000000
00000010000001000000
00000010000001000000
00000010000001000000
00000010000001000000
00000010000001000000
00000010000001000000
00000010000001000000
00000010000001000000
00000010000001000000
00000010000001000000
00000010000001000000
00000010000001000000
00000010000001000000
00000011111111000000
00000010011001000000
00000010000001000000
00000010000001000000
00000010000001000000
00000010000001000000
00000010000001000000
00000010000001000000
00000070000007000000
00000070000007000000
00000007777770000000
00000001111110000000
00000010000001000000
00000010000001000000
00000010000001000000
00000010000001000000
00000010000001000000
00000010000001000000
00000010000001000000
00000010000001000000
00000010000001000000
00000010000001000000
00000010000001000000
00000010000001000000
00000010000001000000
00000010000001000000
00000010000001000000
00000010000001000000
00000010000001000000
00000010000001000000
00000011100111000000
00000010099001000000
00000010000001000000
00000010000001000000
00000010000001000000
00000010000001000000
00000010000001000000
00000010000001000000
00000070000007000000
00000070000007000000
00000007777770000000
00000001111110000000
00000010000001000000
00000010000001000000
00000010000001000000
00000010000001000000
00000010000001000000
00000010000001000000
00000010000001000000
00000010000001000000
00000010000001000000
00000010000001000000
00000010000001000000
00000010000001000000
00000010000001000000
00000010000001000000
00000010000001000000
00000010000001000000
00000010000001000000
00000010000001000000
00000011100111000000
00000010000001000000
00000010000001000000
00000010000001000000
00000010000001000000
00000010000001000000
00000010000001000000
00000010000001000000
00000070000007000000
00000070000007000000
00000007777770000000
00000001111110000000
00000010000001000000
00000010000001000000
00000010000001000000
00000010000001000000
00000010000001000000
00000010000001000000
00000010000001000000
00000010000001000000
00000010000001000000
00000010000001000000
00000010000001000000
00000010000001000000
00000010000001000000
00000010000001000000
00000010000001000000
00000010000001000000
00000010000001000000
00000010000001000000
00000011100111000000
00000010000001000000
00000010000001000000
00000010000001000000
00000010000001000000
00000010000001000000
00000010000001000000
00000010000001000000
00000070000007000000
00000070000007000000
00000007777770000000
00000001111110000000
00000010000001000000
00000010000001000000
00000010000001000000
00000010000001000000
00000010000001000000
00000010000001000000
00000010000001000000
00000010000001000000
00000010000001000000
00000010000001000000
00000010000001000000
00000010000001000000
00000010000001000000
00000010000001000000
00000010000001000000
00000010000001000000
00000010000001000000
00000010000001000000
00000011100111000000
00000010000001000000
00000010000001000000
00000010000001000000
00000010000001000000
00000010000001000000
00000010000001000000
00000010000001000000
00000070000007000000
00000070000007000000
00000007777770000000
00000001111110000000
00000010000001000000
00000010000001000000
00000010000001000000
00000010000001000000
00000010000001000000
00000010000001000000
00000010000001000000
00000010000001000000
00000010000001000000
00000010000001000000
00000010000001000000
00000010000001000000
00000010000001000000
00000010000001000000
00000010000001000000
00000010000001000000
00000010088001000000
00000010088001000000
00000011188111000000
00000010000001000000
00000010000001000000
00000010000001000000
00000010000001000000
00000010000001000000
00000010000001000000
00000010000001000000
00000070000007000000
00000070000067000000
00000007777770000000
00000000000000000000
00000001111110000000
00000001111110000000
00000001111110000000
00000001111110000000
00000001111110000000
00000001111110000000
00000001111110000000
00000001111110000000
00000001111110000000
00000001111110000000
00000001111110000000
00000001111110000000
00000001111110000000
00000001111110000000
00000001111110000000
00000001111110000000
00000001111110000000
00000000111110000000
00000001111110000000
00000001111110000000
00000001111110000000
00000001111110000000
00000001111110000000
00000001111110000000
00000001111110000000
00000001111110000000
00000007777770000000
00000007777770000000
00000000000000000000
