00000000000000000000
00000001111110000000
00000001111110000000
00000001111110000000
00000001111110000000
00000001111110000000
00000001111110000000
00000001111110000000
00000001111110000000
00000001111110000000
00000001111110000000
00000001111110000000
00000001111110000000
00000001111110000000
00000002222220000000
00000002222220000000
00000002222220000000
00000002222220000000
00000002222220000000
00000002222220000000
00000002222220000000
00000002222220000000
00000002222220000000
00000001111110000000
00000001111110000000
00000001111110000000
00000001111110000000
00000007777770000000
00000007777770000000
00000000000000000000
00000001111110000000
00000010000001000000
00000010000001000000
00000010000001000000
00000010000001000000
00000010000001000000
00000010000001000000
00000010000001000000
00000010000001000000
00000010000001000000
00000010000001000000
00000010000001000000
00000010000001000000
00000010000001000000
00000019999991000000
00000019999991000000
00000010000001000000
00000010000001000000
00000010000001000000
00000010000001000000
00000010000001000000
00000019999991000000
00000019999991000000
00000010000001000000
00000010000001000000
00000010000001000000
00000010000001000000
00000070000007000000
00000076000007000000
00000007777770000000
00000001111110000000
00000010000001000000
00000010000001000000
00000010000001000000
00000010000001000000
00000010000001000000
00000010000001000000
00000010000001000000
00000010000001000000
00000010000001000000
00000010000001000000
00000010000001000000
00000010000001000000
00000010000001000000
00000010000001000000
00000010000001000000
00000010000001000000
00000010000001000000
00000010000001000000
00000010000001000000
00000010000001000000
00000010000001000000
00000010000001000000
00000010000001000000
00000010000001000000
00000010000001000000
00000010000001000000
00000070000007000000
00000070000007000000
00000007777770000000
00000001111110000000
00000010000001000000
00000010000001000000
00000010000001000000
00000010000001000000
00000010000001000000
00000010000001000000
00000010000001000000
00000010000001000000
00000010000001000000
00000010000001000000
00000010000001000000
00000010000001000000
00000010000001000000
00000010000001000000
00000010000001000000
00000010000001000000
00000010000001000000
00000010000001000000
00000010000001000000
00000010000001000000
00000010000001000000
00000010000001000000
00000010000001000000
00000010000001000000
00000010000001000000
00000010000001000000
00000070000007000000
00000070000007000000
00000007777770000000
00000001111110000000
00000010000001000000
00000010000001000000
00000010000001000000
00000010000001000000
00000010000001000000
00000010000001000000
00000010000001000000
00000010000001000000
00000010000001000000
00000010000001000000
00000010000001000000
00000010000001000000
00000010000001000000
00000010000001000000
00000010000001000000
00000010000001000000
00000010000001000000
00000010000001000000
00000010000001000000
00000010000001000000
00000010000001000000
00000010000001000000
00000010000001000000
00000010000001000000
00000010000001000000
00000010000001000000
00000070000007000000
00000070000007000000
00000007777770000000
00000001111110000000
00000010000001000000
00000010000001000000
00000010000001000000
00000010000001000000
00000010000001000000
00000010000001000000
00000010000001000000
00000010000001000000
00000010000001000000
00000010000001000000
00000010000001000000
00000010000001000000
00000010000001000000
00000010000001000000
00000010000001000000
00000010000001000000
00000010000001000000
00000010000001000000
00000010000001000000
00000010000001000000
00000010000001000000
00000010000001000000
00000010000001000000
00000010000001000000
00000010000001000000
00000010000001000000
00000070000007000000
00000070000007000000
00000007777770000000
00000001111110000000
00000010000001000000
00000010000001000000
00000010000001000000
00000010000001000000
00000010000001000000
00000010000001000000
00000010000001000000
00000010000001000000
00000010000001000000
00000010000001000000
00000010000001000000
00000010000001000000
00000010000001000000
00000010000001000000
00000010000001000000
00000010000001000000
00000010000001000000
00000010000001000000
00000010000001000000
00000010000001000000
00000010000001000000
00000010000001000000
00000010000001000000
00000010000001000000
00000010000001000000
00000010000001000000
00000070000007000000
00000070000007000000
00000007777770000000
00000001111110000000
00000010000001000000
00000010000001000000
00000010000001000000
00000010000001000000
00000010000001000000
00000010000001000000
00000010000001000000
00000010000001000000
00000010000001000000
00000010000001000000
00000010000001000000
00000010000001000000
00000010000001000000
00000010000001000000
00000010000001000000
00000010000001000000
00000010000001000000
00000018888881000000
00000018888881000000
00000010000001000000
00000010000001000000
00000010000001000000
00000010000001000000
00000010000001000000
00000010000001000000
00000010000001000000
00000070000007000000
00000070000007000000
00000007777770000000
00000000000000000000
00000001111110000000
00000001111110000000
00000001111110000000
00000001111110000000
00000001111110000000
00000001111110000000
00000001111110000000
00000001111110000000
00000001111110000000
00000001111110000000
00000001111110000000
00000001111110000000
00000001111110000000
00000002222220000000
00000002222220000000
00000002222220000000
00000002222220000000
00000002222220000000
00000002222220000000
00000002222220000000
00000002222220000000
00000002222220000000
00000002222220000000
00000001111110000000
00000001111110000000
00000001111110000000
00000007777770000000
00000007777770000000
00000000000000000000
