00000000000000000000
00000001111110000000
00000001111110000000
00000001111110000000
00000001111110000000
00000001111110000000
00000001111110000000
00000001111110000000
00000001111110000000
00000001111110000000
00000001111110000000
00000001111110000000
00000001111110000000
00000001111110000000
00000001111110000000
00000001111110000000
00000001111110000000
00000001111110000000
00000001111110000000
00000001111110000000
00000001111110000000
00000001111110000000
00000001111110000000
00000001111110000000
00000001111110000000
00000001111110000000
00000001111110000000
00000007777770000000
00000007777770000000
00000000000000000000
00000001111110000000
00000010000001000000
00000010000001000000
00000010000001000000
00000010000001000000
00000010000001000000
00000010000001000000
00000010000001000000
00000010000001000000
00000010000001000000
00000010000001000000
00000010000001000000
00000010000001000000
00000015000001000000
00000010000001000000
00000010000001000000
00000010000001000000
00000010000001000000
00000010000001000000
00000010000001000000
00000010000001000000
00000010000001000000
00000010000001000000
00000010000001000000
00000010000001000000
00000010000001000000
00000010000001000000
00000070000007000000
00000076000007000000
00000007777770000000
00000001111110000000
00000010000001000000
00000010000001000000
00000010000001000000
00000010000001000000
00000010000001000000
00000010000001000000
00000010000001000000
00000010000001000000
00000010000001000000
00000010000001000000
00000010000001000000
00000010000001000000
00000015000001000000
00000010000001000000
00000010000001000000
00000010000001000000
00000010000001000000
00000010000001000000
00000010000001000000
00000010000001000000
00000010000001000000
00000010000001000000
00000010000001000000
00000010000001000000
00000010000001000000
00000010000001000000
00000070000007000000
00000070000007000000
00000007777770000000
00000001111110000000
00000010000001000000
00000010000001000000
00000010000001000000
00000010000001000000
00000010000001000000
00000010000001000000
00000010000001000000
00000010000001000000
00000010000001000000
00000010000001000000
00000010000001000000
00000010000001000000
00000015000001000000
00000010000001000000
00000010000001000000
00000010000001000000
00000010000001000000
00000010000001000000
00000010000001000000
00000010000001000000
00000010000001000000
00000010000001000000
00000010000001000000
00000010000001000000
00000010000001000000
00000010000001000000
00000070000007000000
00000070000007000000
00000007777770000000
00000001111110000000
00000010000001000000
00000010000001000000
00000010000001000000
00000010000001000000
00000010000001000000
00000010000001000000
00000010000001000000
00000010000001000000
00000010000001000000
00000010000001000000
00000010000001000000
00000010000001000000
00000010000001000000
00000010000001000000
00000010000001000000
00000010000001000000
00000010000001000000
00000010000001000000
00000010000001000000
00000010000001000000
00000010000001000000
00000010000001000000
00000010000001000000
00000010000001000000
00000010000001000000
00000010000001000000
00000070000007000000
00000070000007000000
00000007777770000000
00000001111110000000
00000010000001000000
00000010000001000000
00000010000001000000
00000010000001000000
00000010000001000000
00000010000001000000
00000010000001000000
00000010000001000000
00000010000001000000
00000010000001000000
00000010000001000000
00000010000001000000
00000010000041000000
00000010000001000000
00000010000001000000
00000010000001000000
00000010000001000000
00000010000001000000
00000010000001000000
00000010000001000000
00000010000001000000
00000010000001000000
00000010000001000000
00000010000001000000
00000010000001000000
00000010000001000000
00000070000007000000
00000070000007000000
00000007777770000000
00000001111110000000
00000010000001000000
00000010000001000000
00000010000001000000
00000010000001000000
00000010000001000000
00000010000001000000
00000010000001000000
00000010000001000000
00000010000001000000
00000010000001000000
00000010000001000000
00000010000001000000
00000010000041000000
00000010000001000000
00000010000001000000
00000010000001000000
00000010000001000000
00000010000001000000
00000010000001000000
00000010000001000000
00000010000001000000
00000010000001000000
00000010000001000000
00000010000001000000
00000010000001000000
00000010000001000000
00000070000007000000
00000070000007000000
00000007777770000000
00000001111110000000
00000010000001000000
00000010000001000000
00000010000001000000
00000010000001000000
00000010000001000000
00000010000001000000
00000010000001000000
00000010000001000000
00000010000001000000
00000010000001000000
00000010000001000000
00000010000001000000
00000010000041000000
00000010000001000000
00000010000001000000
00000010000001000000
00000010000001000000
00000010000001000000
00000010000001000000
00000010000001000000
00000010000001000000
00000010000001000000
00000010000001000000
00000010000001000000
00000010000001000000
00000010000001000000
00000070000007000000
00000070000007000000
00000007777770000000
00000000000000000000
00000001111110000000
00000001111110000000
00000001111110000000
00000001111110000000
00000001111110000000
00000001111110000000
00000001111110000000
00000001111110000000
00000001111110000000
00000001111110000000
00000001111110000000
00000001111110000000
00000001111110000000
00000001111110000000
00000001111110000000
00000001111110000000
00000001111110000000
00000001111110000000
00000001111110000000
00000001111110000000
00000001111110000000
00000001111110000000
00000001111110000000
00000001111110000000
00000001111110000000
00000001111110000000
00000007777770000000
00000007777770000000
00000000000000000000
