00000000000000000000
00000001111110000000
00000001111110000000
00000001111110000000
00000001111110000000
00000001111110000000
00000001111110000000
00000001111110000000
00000001111110000000
00000001111110000000
00000001111110000000
00000001111110000000
00000001111110000000
00000001111110000000
00000001111110000000
00000001111110000000
00000001111110000000
00000001111110000000
00000001111110000000
00000001111110000000
00000001111110000000
00000001111110000000
00000001111110000000
00000001111110000000
00000001111110000000
00000001111110000000
00000001111110000000
00000007777770000000
00000007777770000000
00000000000000000000
00000001111110000000
00000010000001000000
00000010000001000000
00000010000001000000
00000010000001000000
00000010000001000000
00000010000001000000
00000010000001000000
00000010000001000000
00000010000001000000
00000010000001000000
00000010000001000000
00000010000001000000
00000010000051000000
00000010000001000000
00000010000001000000
00000010000001000000
00000010000001000000
00000010000001000000
00000010000001000000
00000010000001000000
00000010000001000000
00000010000001000000
00000010000001000000
00000010000001000000
00000010000001000000
00000010000001000000
00000070000007000000
00000076000007000000
00000007777770000000
00000001111110000000
00000010000001000000
00000010000001000000
00000010000001000000
00000010000001000000
00000010000001000000
00000010000001000000
00000010000001000000
00000010000001000000
00000010000001000000
00000010000001000000
00000010000001000000
00000010000001000000
00000014000001000000
00000010000001000000
00000010000001000000
00000010000001000000
00000010000001000000
00000010000001000000
00000010000001000000
00000010000001000000
00000010000001000000
00000010000001000000
00000010000001000000
00000010000001000000
00000010000001000000
00000010000001000000
00000070000007000000
00000070000007000000
00000007777770000000
00000001111110000000
00000010000001000000
00000010000001000000
00000010000001000000
00000010000001000000
00000010000001000000
00000010000001000000
00000010000001000000
00000010000001000000
00000010000001000000
00000010000001000000
00000010000001000000
00000010000001000000
00000010000051000000
00000010000001000000
00000010000001000000
00000010000001000000
00000010000001000000
00000010000001000000
00000010000001000000
00000010000001000000
00000010000001000000
00000010000001000000
00000010000001000000
00000010000001000000
00000010000001000000
00000010000001000000
00000070000007000000
00000070000007000000
00000007777770000000
00000001111110000000
00000010000001000000
00000010000001000000
00000010000001000000
00000010000001000000
00000010000001000000
00000010000001000000
00000010000001000000
00000010000001000000
00000010000001000000
00000010000001000000
00000010000001000000
00000010000001000000
00000014000001000000
00000010000001000000
00000010000001000000
00000010000001000000
00000010000001000000
00000010000001000000
00000010000001000000
00000010000001000000
00000010000001000000
00000010000001000000
00000010000001000000
00000010000001000000
00000010000001000000
00000010000001000000
00000070000007000000
00000070000007000000
00000007777770000000
00000001111110000000
00000010000001000000
00000010000001000000
00000010000001000000
00000010000001000000
00000010000001000000
00000010000001000000
00000010000001000000
00000010000001000000
00000010000001000000
00000010000001000000
00000010000001000000
00000010000001000000
00000010000051000000
00000010000001000000
00000010000001000000
00000010000001000000
00000010000001000000
00000010000001000000
00000010000001000000
00000010000001000000
00000010000001000000
00000010000001000000
00000010000001000000
00000010000001000000
00000010000001000000
00000010000001000000
00000070000007000000
00000070000007000000
00000007777770000000
00000001111110000000
00000010000001000000
00000010000001000000
00000010000001000000
00000010000001000000
00000010000001000000
00000010000001000000
00000010000001000000
00000010000001000000
00000010000001000000
00000010000001000000
00000010000001000000
00000010000001000000
00000014000001000000
00000010000001000000
00000010000001000000
00000010000001000000
00000010000001000000
00000010000001000000
00000010000001000000
00000010000001000000
00000010000001000000
00000010000001000000
00000010000001000000
00000010000001000000
00000010000001000000
00000010000001000000
00000070000007000000
00000070000007000000
00000007777770000000
00000001111110000000
00000010000001000000
00000010000001000000
00000010000001000000
00000010000001000000
00000010000001000000
00000010000001000000
00000010000001000000
00000010000001000000
00000010000001000000
00000010000001000000
00000010000001000000
00000010000001000000
00000010000051000000
00000010000001000000
00000010000001000000
00000010000001000000
00000010000001000000
00000010000001000000
00000010000001000000
00000010000001000000
00000010000001000000
00000010000001000000
00000010000001000000
00000010000001000000
00000010000001000000
00000010000001000000
00000070000007000000
00000070000007000000
00000007777770000000
00000000000000000000
00000001111110000000
00000001111110000000
00000001111110000000
00000001111110000000
00000001111110000000
00000001111110000000
00000001111110000000
00000001111110000000
00000001111110000000
00000001111110000000
00000001111110000000
00000001111110000000
00000001111110000000
00000001111110000000
00000001111110000000
00000001111110000000
00000001111110000000
00000001111110000000
00000001111110000000
00000001111110000000
00000001111110000000
00000001111110000000
00000001111110000000
00000001111110000000
00000001111110000000
00000001111110000000
00000007777770000000
00000007777770000000
00000000000000000000
